50
1057092596 901508484 181192743 778239176 881766143 94453159 571041820 280632836 676794987 285039811 100642851 913032806 277574963 784977796 630546798 
760079709 412820172 985504486 960323617 568548607 639932516 942886575 187802613 569063582 981807470 334684606 133526733 771454193 478948572 509097276 
908606887 943875477 572884618 412345391 432261127 988136262 977645232 369570539 33496629 197807477 892098027 806552022 268163418 850960795 740080200 
157675771 518242352 407649233 1009970117 991435282






